rs123	T	C	0	0	1	1	0	0	1	0	0	1	0	0	0	0	1	1	0	0	1	0	0	0	0	1	1	0	0	1	0	0	1	0	0	1	0	0	0	0	1	0	0	1	1	0	0	0	1	0	1	0	0	1	0	0	1	0	0	0	0	1	1	0	0	0	0	1	1	0	0	1	0	0	1	0	0	1	0	0	0	1	0	1	0	0	0	0	1	1	0	0	0	0	1
rs124	T	C	0	0	1	0	0	1	0	0	1	0	0	1	0	0	1	0	0	1	0	0	1	0	0	1	0	0	1	0	0	1	0	1	0	0	0	1	0	0	1	0	0	1	0	0	1	0	0	1	0	0	1	0	0	1	0	0	1	0	0	1	0	0	1	0	0	1	0	0	1	0	0	1	0	0	1	0	0	1	0	0	1	0	0	1	0	0	1	0	0	1	0	0	1
rs125	A	A	1	0	0	1	0	0	1	0	0	1	0	0	1	0	0	1	0	0	1	0	0	1	0	0	1	0	0	1	0	0	1	0	0	1	0	0	1	0	0	1	0	0	1	0	0	1	0	0	1	0	0	1	0	0	1	0	0	1	0	0	1	0	0	1	0	0	1	0	0	1	0	0	1	0	0	1	0	0	1	0	0	1	0	0	1	0	0	1	0	0	1	0	0
rs126	G	A	0	1	0	1	0	0	0	1	0	1	0	0	0	1	0	1	0	0	0	1	0	0	1	0	1	0	0	0	1	0	1	0	0	0	1	0	0	1	0	0	1	0	1	0	0	0	1	0	0	1	0	0	1	0	1	0	0	0	1	0	1	0	0	1	0	0	0	1	0	1	0	0	1	0	0	0	1	0	1	0	0	1	0	0	1	0	0	1	0	0	0	1	0
rs127	A	G	1	0	0	0	0	1	0	0	1	0	0	1	0	0	1	1	0	0	1	0	0	0	0	1	0	0	1	0	0	1	0	0	1	0	1	0	0	0	1	1	0	0	1	0	0	1	0	0	0	0	1	1	0	0	0	1	0	1	0	0	1	0	0	1	0	0	1	0	0	0	1	0	1	0	0	1	0	0	0	1	0	1	0	0	0	1	0	1	0	0	1	0	0
rs128	G	T	0	1	0	1	0	0	0	1	0	1	0	0	1	0	0	1	0	0	1	0	0	0	1	0	1	0	0	1	0	0	1	0	0	1	0	0	1	0	0	0	1	0	0	0	1	0	0	1	1	0	0	0	0	1	1	0	0	1	0	0	1	0	0	1	0	0	0	1	0	1	0	0	1	0	0	1	0	0	1	0	0	0	1	0	0	1	0	1	0	0	1	0	0
rs129	C	T	1	0	0	1	0	0	1	0	0	1	0	0	1	0	0	0	1	0	1	0	0	1	0	0	1	0	0	1	0	0	1	0	0	1	0	0	1	0	0	1	0	0	1	0	0	1	0	0	1	0	0	1	0	0	1	0	0	1	0	0	1	0	0	1	0	0	1	0	0	1	0	0	1	0	0	1	0	0	1	0	0	1	0	0	1	0	0	1	0	0	1	0	0
rs130	T	C	0	1	0	1	0	0	1	0	0	0	1	0	0	1	0	1	0	0	0	0	1	0	1	0	1	0	0	0	0	1	0	1	0	0	1	0	1	0	0	0	1	0	0	1	0	0	1	0	1	0	0	0	0	1	0	1	0	0	1	0	1	0	0	0	0	1	1	0	0	1	0	0	1	0	0	1	0	0	1	0	0	0	0	1	0	1	0	0	0	1	0	0	1
rs131	G	A	1	0	0	1	0	0	0	1	0	1	0	0	0	1	0	1	0	0	1	0	0	1	0	0	1	0	0	1	0	0	1	0	0	0	1	0	0	1	0	1	0	0	1	0	0	1	0	0	1	0	0	0	1	0	1	0	0	1	0	0	1	0	0	1	0	0	1	0	0	1	0	0	1	0	0	0	1	0	0	1	0	1	0	0	1	0	0	0	1	0	0	1	0
rs132	G	C	0	0	1	0	0	1	0	0	1	0	0	1	0	0	1	0	1	0	0	0	1	0	0	1	0	0	1	0	0	1	1	0	0	0	0	1	0	0	1	1	0	0	0	1	0	0	1	0	1	0	0	0	0	1	0	0	1	1	0	0	0	0	1	1	0	0	1	0	0	0	0	1	0	0	1	0	0	1	0	0	1	0	0	1	0	0	1	0	0	1	0	0	1
rs133	G	A	1	0	0	1	0	0	1	0	0	1	0	0	1	0	0	1	0	0	1	0	0	1	0	0	1	0	0	0	1	0	1	0	0	0	1	0	1	0	0	1	0	0	1	0	0	1	0	0	1	0	0	1	0	0	1	0	0	0	1	0	1	0	0	1	0	0	0	0	1	1	0	0	1	0	0	1	0	0	1	0	0	1	0	0	1	0	0	1	0	0	1	0	0
rs134	G	A	0	1	0	0	1	0	0	1	0	1	0	0	0	1	0	1	0	0	0	1	0	0	0	1	1	0	0	0	0	1	1	0	0	1	0	0	0	1	0	0	1	0	1	0	0	0	1	0	1	0	0	1	0	0	1	0	0	1	0	0	1	0	0	1	0	0	1	0	0	0	1	0	0	1	0	0	1	0	0	1	0	0	1	0	0	1	0	0	1	0	0	0	1
rs135	C	T	1	0	0	1	0	0	1	0	0	1	0	0	1	0	0	1	0	0	1	0	0	1	0	0	1	0	0	0	1	0	1	0	0	1	0	0	1	0	0	1	0	0	1	0	0	1	0	0	1	0	0	1	0	0	0	1	0	0	1	0	1	0	0	1	0	0	1	0	0	1	0	0	1	0	0	1	0	0	1	0	0	1	0	0	1	0	0	1	0	0	1	0	0
rs136	A	G	1	0	0	0	0	1	1	0	0	1	0	0	0	0	1	1	0	0	1	0	0	1	0	0	1	0	0	1	0	0	1	0	0	1	0	0	1	0	0	1	0	0	1	0	0	1	0	0	1	0	0	1	0	0	1	0	0	1	0	0	1	0	0	1	0	0	1	0	0	1	0	0	1	0	0	1	0	0	1	0	0	1	0	0	1	0	0	1	0	0	1	0	0
rs137	A	G	1	0	0	0	1	0	0	1	0	0	1	0	1	0	0	1	0	0	1	0	0	1	0	0	1	0	0	1	0	0	0	0	1	1	0	0	0	1	0	0	1	0	0	1	0	0	1	0	1	0	0	0	0	1	0	1	0	0	0	1	0	0	1	0	1	0	0	0	1	1	0	0	0	0	1	1	0	0	0	1	0	1	0	0	1	0	0	0	1	0	0	1	0
rs138	G	A	0	1	0	1	0	0	1	0	0	1	0	0	0	0	1	0	1	0	0	0	1	0	1	0	0	1	0	1	0	0	0	1	0	0	0	1	0	1	0	0	1	0	1	0	0	0	1	0	1	0	0	1	0	0	1	0	0	0	0	1	1	0	0	0	1	0	1	0	0	0	1	0	1	0	0	0	0	1	0	1	0	1	0	0	0	0	1	1	0	0	0	1	0
rs139	T	C	0	1	0	1	0	0	0	1	0	0	1	0	1	0	0	0	1	0	1	0	0	0	1	0	0	1	0	0	1	0	0	1	0	0	0	1	0	1	0	0	1	0	1	0	0	1	0	0	1	0	0	0	1	0	1	0	0	1	0	0	1	0	0	0	1	0	1	0	0	0	1	0	1	0	0	0	1	0	0	1	0	1	0	0	1	0	0	0	1	0	0	1	0
rs140	G	A	1	0	0	1	0	0	1	0	0	1	0	0	0	0	1	1	0	0	1	0	0	0	1	0	0	0	1	1	0	0	0	0	1	1	0	0	1	0	0	1	0	0	1	0	0	1	0	0	0	0	1	1	0	0	1	0	0	1	0	0	1	0	0	1	0	0	1	0	0	1	0	0	1	0	0	1	0	0	1	0	0	1	0	0	1	0	0	1	0	0	1	0	0
rs141	A	G	1	0	0	0	1	0	1	0	0	0	1	0	1	0	0	1	0	0	1	0	0	1	0	0	0	1	0	0	0	1	1	0	0	1	0	0	1	0	0	1	0	0	0	1	0	1	0	0	1	0	0	0	0	1	1	0	0	1	0	0	1	0	0	0	0	1	0	0	1	0	1	0	1	0	0	1	0	0	1	0	0	0	0	1	0	0	1	1	0	0	0	0	1
rs142	T	C	0	0	1	0	0	1	0	1	0	0	0	1	0	0	1	0	0	1	0	1	0	0	0	1	0	0	1	1	0	0	0	0	1	0	1	0	0	0	1	0	0	1	0	0	1	0	0	1	0	0	1	0	0	1	1	0	0	0	0	1	1	0	0	0	0	1	0	0	1	0	0	1	0	1	0	0	0	1	0	0	1	0	0	1	0	0	1	0	0	1	0	0	1
rs143	G	A	1	0	0	1	0	0	1	0	0	1	0	0	1	0	0	1	0	0	1	0	0	1	0	0	1	0	0	1	0	0	1	0	0	1	0	0	1	0	0	1	0	0	1	0	0	1	0	0	1	0	0	1	0	0	1	0	0	1	0	0	1	0	0	1	0	0	1	0	0	1	0	0	1	0	0	1	0	0	1	0	0	1	0	0	1	0	0	1	0	0	1	0	0
rs144	A	G	1	0	0	1	0	0	1	0	0	1	0	0	0	0	1	1	0	0	1	0	0	0	1	0	0	0	1	1	0	0	0	0	1	1	0	0	1	0	0	1	0	0	1	0	0	1	0	0	0	0	1	1	0	0	1	0	0	1	0	0	1	0	0	1	0	0	1	0	0	1	0	0	1	0	0	1	0	0	1	0	0	1	0	0	1	0	0	1	0	0	1	0	0
rs145	G	A	0	1	0	0	1	0	0	1	0	1	0	0	0	1	0	1	0	0	0	1	0	0	0	1	1	0	0	0	0	1	1	0	0	1	0	0	0	1	0	0	1	0	1	0	0	0	1	0	1	0	0	1	0	0	1	0	0	1	0	0	1	0	0	1	0	0	1	0	0	0	1	0	0	1	0	0	1	0	0	1	0	0	1	0	0	1	0	0	1	0	0	0	1
rs146	T	C	0	1	0	1	0	0	1	0	0	1	0	0	0	0	1	0	1	0	0	0	1	0	1	0	0	1	0	1	0	0	0	1	0	0	0	1	0	1	0	0	1	0	1	0	0	0	1	0	1	0	0	1	0	0	1	0	0	0	0	1	1	0	0	0	1	0	1	0	0	0	1	0	1	0	0	0	0	1	0	1	0	1	0	0	0	0	1	1	0	0	0	1	0
rs147	A	G	0	1	0	1	0	0	0	1	0	0	1	0	1	0	0	0	1	0	1	0	0	0	1	0	0	1	0	0	1	0	0	1	0	0	0	1	0	1	0	0	1	0	1	0	0	1	0	0	1	0	0	0	1	0	1	0	0	1	0	0	1	0	0	0	1	0	1	0	0	0	1	0	1	0	0	0	1	0	0	1	0	1	0	0	1	0	0	0	1	0	0	1	0
rs148	G	A	1	0	0	0	1	0	1	0	0	0	1	0	1	0	0	1	0	0	1	0	0	1	0	0	0	1	0	0	0	1	1	0	0	1	0	0	1	0	0	1	0	0	0	1	0	1	0	0	1	0	0	0	0	1	1	0	0	1	0	0	1	0	0	0	0	1	0	0	1	0	1	0	1	0	0	1	0	0	1	0	0	0	0	1	0	0	1	1	0	0	0	0	1
rs149	T	C	1	0	0	0	0	1	1	0	0	1	0	0	0	0	1	1	0	0	1	0	0	1	0	0	1	0	0	1	0	0	1	0	0	1	0	0	1	0	0	1	0	0	1	0	0	1	0	0	1	0	0	1	0	0	1	0	0	1	0	0	1	0	0	1	0	0	1	0	0	1	0	0	1	0	0	1	0	0	1	0	0	1	0	0	1	0	0	1	0	0	1	0	0
rs150	A	G	1	0	0	1	0	0	1	0	0	1	0	0	0	0	1	1	0	0	1	0	0	0	1	0	0	0	1	1	0	0	0	0	1	1	0	0	1	0	0	1	0	0	1	0	0	1	0	0	0	0	1	1	0	0	1	0	0	1	0	0	1	0	0	1	0	0	1	0	0	1	0	0	1	0	0	1	0	0	1	0	0	1	0	0	1	0	0	1	0	0	1	0	0
rs151	G	A	0	1	0	1	0	0	1	0	0	0	1	0	0	1	0	1	0	0	0	0	1	0	1	0	1	0	0	0	0	1	0	1	0	0	1	0	1	0	0	0	1	0	0	1	0	0	1	0	1	0	0	0	0	1	0	1	0	0	1	0	1	0	0	0	0	1	1	0	0	1	0	0	1	0	0	1	0	0	1	0	0	0	0	1	0	1	0	0	0	1	0	0	1
rs152	C	T	1	0	0	1	0	0	1	0	0	1	0	0	0	0	1	1	0	0	1	0	0	0	1	0	0	0	1	1	0	0	0	0	1	1	0	0	1	0	0	1	0	0	1	0	0	1	0	0	0	0	1	1	0	0	1	0	0	1	0	0	1	0	0	1	0	0	1	0	0	1	0	0	1	0	0	1	0	0	1	0	0	1	0	0	1	0	0	1	0	0	1	0	0
